{
  "epsilon_result": {
    "f1": 0.9516330647744664,
    "precision": 0.9608821200303465,
    "recall": 0.9425701764839426,
    "TP": 7320.0,
    "TN": 65565.0,
    "FP": 298.0,
    "FN": 446.0,
    "threshold": 0.6861504390835762,
    "latency": 44.19340582772314,
    "reg_level": 0.0
  },
  "pot_result": {
    "f1": 0.8358761170594458,
    "precision": 0.9929140815005951,
    "recall": 0.7217357703814888,
    "TP": 5605.0,
    "TN": 65823.0,
    "FP": 40.0,
    "FN": 2161.0,
    "threshold": 0.9273590217784856,
    "latency": 46.772514670387864
  },
  "bf_result": {
    "f1": 0.9562373685401768,
    "precision": 0.954341412140129,
    "recall": 0.9581509130077892,
    "TP": 7441.0,
    "TN": 65507.0,
    "FP": 356.0,
    "FN": 325.0,
    "threshold": 0.6468000000000006,
    "latency": 43.43736425823669
  }
}