{
  "epsilon_result": {
    "f1": 0.8585037015976951,
    "precision": 0.752093800245411,
    "recall": 0.9999999962880475,
    "TP": 2694.0,
    "TN": 24797.0,
    "FP": 888.0,
    "FN": 0.0,
    "threshold": 0.1924364473670721,
    "latency": 3.374957813027337,
    "reg_level": 1.0
  },
  "pot_result": {
    "f1": 0.7035733952135014,
    "precision": 0.5427074928632001,
    "recall": 0.9999999962880475,
    "TP": 2694.0,
    "TN": 23415.0,
    "FP": 2270.0,
    "FN": 0.0,
    "threshold": 0.13700962469747896,
    "latency": 0.124998437519531
  },
  "bf_result": {
    "f1": 0.9998094331303373,
    "precision": 0.999628938776887,
    "recall": 0.9999999962880475,
    "TP": 2694.0,
    "TN": 25684.0,
    "FP": 1.0,
    "FN": 0.0,
    "threshold": 0.7264000000000007,
    "latency": 52.374345320683496
  }
}