{
  "epsilon_result": {
    "f1": 0.7892930831847739,
    "precision": 0.9890675769705711,
    "recall": 0.656665935231705,
    "TP": 35917.0,
    "TN": 372424.0,
    "FP": 397.0,
    "FN": 18779.0,
    "threshold": 0.7945214658975601,
    "latency": 198.61960276079446,
    "reg_level": 0.0
  },
  "pot_result": {
    "f1": 0.7444234618646973,
    "precision": 0.9980939495209992,
    "recall": 0.5935717418835798,
    "TP": 32466.0,
    "TN": 372759.0,
    "FP": 62.0,
    "FN": 22230.0,
    "threshold": 0.9372967695807054,
    "latency": 320.07066649841306
  },
  "bf_result": {
    "f1": 0.8889254445269731,
    "precision": 0.8664340760837266,
    "recall": 0.9126261516541198,
    "TP": 49917.0,
    "TN": 365126.0,
    "FP": 7695.0,
    "FN": 4779.0,
    "threshold": 0.4279000000000003,
    "latency": 106.59358344752586
  }
}